32

1710
1730
1770
1840
2000
2290
2860
3900
5660
8350
12070
16710
22030
27640
33420
39310
45280
51330
57260
63050
68950
74660
80110
85460
90880
96150
101240
106140
110750
114990
118720
123670

0.00947
0.00946
0.00944
0.00939
0.00931
0.00914
0.00884
0.00829
0.00741
0.00618
0.00463
0.00312
0.0019
0.00109
0.00059
0.000306
0.000155
0.0000775
0.0000398
0.0000204
0.00001
0.00000517
0.00000271
0.00000138
0.00000068
0.000000349
0.00000018
9.34E-08
4.96E-08
2.69E-08
1.52E-08
6.06E-09
